0,15889963611,13420983411,1,1590329154557,success,2000
0,15889963611,13420983411,1,1590329155557,success,3000
0,15889963611,13420983411,1,1590329156557,success,1000
0,15889963611,13420983411,1,1590329156557,success,7000
0,15889963611,13420983411,1,1590329158557,success,5000
0,15889963611,13420983411,1,1590329158557,success,5000
0,15889963611,13420983411,1,1590329199001,success,3000
0,15889963611,13420983411,2,1590329154557,fail,4000
0,15889963611,13420983411,3,1590329154557,fail,5000
0,15889963611,13420983411,3,1590329154557,fail,7000
0,15889963611,13420983411,5,1590329154557,fail,8000
0,15889963611,13420983411,5,1590329154557,fail,9000